1;5;0;0;2023;3;13;1;1;Huszar_Hajnalka;0
2;6;0;0;2023;3;6;2;1;Bodi_Katalin;0
3;7;0;0;2023;3;9;2;0;Agoston_Gyula;0
4;8;0;0;2023;4;12;2;0;Kerner_Imre;0
5;9;0;0;2023;4;17;2;0;Csepes_Erzsebet;0
6;15;0;0;2023;4;8;1;0;Gal_Anna;0
7;6;0;0;2023;6;16;2;1;Damjan_Valeria;0
8;16;0;0;2023;6;9;2;1;Fozer_Judit;0
9;17;0;0;2023;6;13;1;1;Szalai_Tibor;0
10;18;0;0;2023;6;16;1;1;Dobak_Agnes;0
11;19;0;0;2023;7;8;2;0;Kobor_Veronika;0
12;25;0;0;2023;7;21;1;1;Olah_Csilla;0
13;15;0;0;2023;8;22;3;0;Cseh_Adrienn;0
14;7;0;0;2023;9;17;2;1;Horvath_Krisztina;0
15;16;0;0;2023;9;13;1;1;Csuka_Agota;0
16;19;0;0;2023;9;16;2;0;Kaldenecker_Violetta;0
17;26;0;0;2023;10;17;1;1;Peto_Gyorgy;0
18;27;0;0;2023;10;16;1;1;Bathori_Attila;0
19;1;0;0;2023;10;12;3;1;Bosze_Ildiko;0
20;2;0;0;2023;10;18;2;0;Katona_Anita;0
21;3;0;0;2023;10;13;2;1;Herbak_Margit;0
22;4;0;0;2023;11;20;2;0;Kapus_Zsolt;0
23;10;0;0;2023;11;14;2;0;Gyori_Zoltan;0
24;11;0;0;2023;11;22;1;1;Kacz_Emese;0
25;12;0;0;2023;11;20;2;1;Szego_Ildiko;0
26;8;0;0;2023;12;17;1;1;Baumgartner_Maria;0
27;1;0;0;2023;12;20;1;0;Holpar_Erzsebet;0
28;5;0;0;2023;13;23;1;1;Cacosz_Sarolta;0
29;16;0;0;2023;13;20;1;0;Barczy_Eva;0
30;17;0;0;2023;13;19;1;1;Ockenfusz_Mihaly;0
31;3;0;0;2023;13;21;1;1;Jahner_Marta;0
32;13;0;0;2023;13;14;2;1;Freili_Attila;0
33;14;0;0;2023;13;16;1;1;Mod_Ilona;0
34;10;0;0;2023;14;25;3;0;Palfalvi_Kovacs;0
35;13;0;0;2023;14;16;1;0;Bognar_Bernadett;0
36;20;0;0;2023;14;17;2;1;Kocsis_Klara;0
37;21;0;0;2023;15;21;2;1;Dragonya_Sandor;0
38;22;0;0;2023;15;27;2;0;Boglari_Bela;0
39;23;0;0;2023;15;17;1;1;Biro_Gabriella;0
40;6;0;0;2023;16;27;1;0;Szakos_Rita;0
41;18;0;0;2023;16;30;3;1;Domokos_Adrienn;0
42;7;0;0;2023;17;25;1;1;Szilagyi_Marton;0
43;8;0;0;2023;17;30;1;0;Maukner_Iren;0
44;9;0;0;2023;17;25;1;1;Hegedus_Monika;0
45;17;0;0;2023;19;24;1;0;Papanek_Gabor;0
46;19;0;0;2023;19;29;2;0;Csicso_Piroska;0
47;16;0;0;2023;20;30;1;1;Jozsa_Erika;0
48;26;0;0;2023;20;28;1;1;Lukacs_Zoltan;0
49;27;0;0;2023;20;27;2;0;Szalma_Klara;0
50;25;0;0;2023;21;31;1;0;Alapi_Ilona;0
51;15;0;1;2023;22;1;3;1;Rudner_Zoltan;1
52;1;0;0;2023;22;29;2;0;Arva_Bela;0
53;2;0;0;2023;22;24;2;1;Fulop_Zoltan;0
54;3;0;0;2023;22;24;2;1;Kontsits_Gabor;0
55;5;0;1;2023;23;5;1;1;Hranicsek_Ilona;1
56;4;0;0;2023;23;27;1;1;Karnis_Zsuzsa;0
57;11;0;0;2023;23;25;3;0;Szollosi_Szabina;0
58;17;0;0;2023;24;27;2;1;Marjai_Gyorgy;0
59;7;0;1;2023;25;4;1;1;Ling_Szilvia;1
60;9;0;1;2023;25;6;1;1;Gombik_Eva;1
61;2;0;0;2023;26;31;2;0;Lazar_Zsolt;0
62;6;0;1;2023;27;1;1;0;Kovacs_Annamaria;1
63;17;0;1;2023;27;7;2;0;Rohaly_Agnes;1
64;27;0;0;2023;27;29;1;1;Enderle_Margit;0
65;3;0;0;2023;27;29;1;0;Benke_Dora;0
66;4;0;0;2023;27;28;2;0;Manomics_Janos;0
67;26;0;1;2023;28;1;1;0;Barta_Beata;1
68;4;0;1;2023;28;5;3;0;Ozsvath_Peter;1
69;10;0;1;2023;28;3;1;0;Ivan_Maria;1
70;19;0;1;2023;29;2;2;1;Kutenics_Ilona;1
71;27;0;1;2023;29;5;1;0;Nagy_Amalia;1
72;1;0;1;2023;29;4;1;0;Cselyovszky_Karoly;1
73;8;0;1;2023;30;7;2;1;Csak_Laszlo;1
74;16;0;1;2023;30;3;2;0;Pazmanyi_Gyorgyi;1
75;18;0;1;2023;30;9;2;1;Biro_Agnes;1
76;3;0;1;2023;30;5;2;1;Szigeth_Ildiko;1
77;25;0;1;2023;31;14;1;0;Nedves_Monika;1
78;2;0;1;2023;31;9;1;0;Kaposi_Laszlo;1
79;6;1;1;2023;1;10;1;1;Schmidt_Eszter;0
80;15;1;1;2023;1;11;2;1;Prekovics_Hriszula;0
81;26;1;1;2023;1;8;2;0;Gede_Hajnalka;0
82;11;1;1;2023;1;10;1;0;Csatari_Beatrix;0
83;12;1;1;2023;1;11;3;1;Dobronyi_Noemi;0
84;19;1;1;2023;2;6;1;0;Galuska_Attila;0
85;13;1;1;2023;2;16;1;0;Barabas_Ibolya;0
86;14;1;1;2023;2;16;1;1;Arokszallasi_Szilvia;0
87;20;1;1;2023;2;7;2;1;Miklosvari_Erika;0
88;16;1;1;2023;3;14;2;0;Solymari_Levente;0
89;7;1;1;2023;4;6;1;0;Szlovak_Eva;0
90;1;1;1;2023;4;7;2;0;Konrad_Akos;0
91;10;1;1;2023;4;16;3;1;Buzasi_Gyorgyi;0
92;21;1;1;2023;4;14;3;0;Bicski_Zsuzsanna;0
93;22;1;1;2023;4;14;2;1;Halagyik_Zsuzsa;0
94;5;1;1;2023;5;18;1;0;Perjes_Jeno;0
95;27;1;1;2023;5;15;2;1;Pataki_Ilona;0
96;3;1;1;2023;5;18;2;0;Gerzsenyi_Imre;0
97;4;1;1;2023;5;9;1;0;Hulber_Gyula;0
98;23;1;1;2023;5;16;2;0;Nandori_Karoly;0
99;7;1;1;2023;6;20;1;0;Siklosi_Ildiko;0
100;9;1;1;2023;6;10;2;0;Keltai_Henrietta;0
101;8;1;1;2023;7;18;2;0;Imre_Adam;0
102;17;1;1;2023;7;10;2;0;Szekeres_Szilvia;0
103;19;1;1;2023;7;16;1;1;Benesoczky_Regina;0
104;26;1;1;2023;8;9;2;0;Strobel_Krisztina;0
105;1;1;1;2023;8;10;2;1;0es_Terez;0
106;18;1;1;2023;9;23;2;0;Szanto_Piroska;0
107;26;1;1;2023;9;23;2;1;Radinger_Zsolt;0
108;2;1;1;2023;9;21;1;1;Czar_Magdolna;0
109;6;1;1;2023;10;15;2;1;Orlovity_Ingrid;0
110;9;1;1;2023;10;19;1;0;Szlukovinyi_Gabriella;0
111;17;1;1;2023;10;12;2;1;Szollosi_Monika;0
112;1;1;1;2023;10;15;2;1;Gombkoto_Gyorgyi;0
113;4;1;1;2023;10;12;1;0;Hollos_Eva;0
114;11;1;1;2023;10;11;3;1;Mazsar_Margit;0
115;15;1;1;2023;11;14;3;1;Hircze_Margit;0
116;11;1;1;2023;11;18;2;1;Marczis_Ignac;0
117;17;1;1;2023;12;20;1;1;Csordas_Erzsebet;0
118;4;1;1;2023;12;14;1;1;Gazso_Judit;0
119;12;1;1;2023;13;26;1;0;Duro_Sandor;0
120;20;1;1;2023;13;16;2;1;Kuli_Maria;0
121;15;1;1;2023;14;19;2;1;Hulman_Szabolcs;0
122;16;1;1;2023;14;27;1;1;Hok_Bela;0
123;25;1;1;2023;14;23;1;1;Becsei_Katalin;0
124;4;1;1;2023;14;27;2;0;Garami_Zsolt;0
125;21;1;1;2023;14;23;2;0;Sovari_Rita;0
126;22;1;1;2023;14;21;1;1;Imreh_Agnes;0
127;24;1;1;2023;14;27;1;1;Siffer_Tunde;0
128;6;1;1;2023;15;22;2;0;Bondor_Agnes;0
129;27;1;1;2023;15;18;1;0;Gyori_Rozalia;0
130;1;1;1;2023;15;24;2;1;Biener_Barbara;0
131;19;1;1;2023;16;22;1;1;Gruner_Tamas;0
132;10;1;1;2023;16;28;1;1;Burlovics_Zsuzsa;0
133;13;1;2;2023;16;2;1;0;Soltesz_Edit;1
134;14;1;1;2023;16;26;2;0;Berkecz_Anita;0
135;20;1;1;2023;16;18;1;0;Lazar_Zsuzsanna;0
136;23;1;1;2023;16;20;1;1;Kocsis_Agnes;0
137;5;1;1;2023;18;24;1;1;Hegedus_Beatrix;0
138;8;1;2;2023;18;1;2;1;0eth_Geza;1
139;27;1;1;2023;18;28;2;1;Ress_Katalin;0
140;9;1;2;2023;19;1;2;0;Petreny_Tunde;1
141;15;1;2;2023;19;2;2;0;Ivanyi_Annamaria;1
142;7;1;1;2023;20;28;1;1;Notaros_Ibolya;0
143;17;1;2;2023;21;4;1;0;Novak_Margit;1
144;6;1;1;2023;22;23;2;0;Bubrik_Janos;0
145;19;1;1;2023;22;28;1;0;Schneider_Margit;0
146;2;1;1;2023;22;25;1;1;Kardos_Gyorgy;0
147;6;1;1;2023;23;25;2;1;Fenyves_Kinga;0
148;5;1;2;2023;24;10;1;0;Csanda_Imre;1
149;18;1;2;2023;24;9;1;0;Nagy_Anita;1
150;25;1;1;2023;24;25;2;1;Gyorgy_Zsuzsanna;0
151;6;1;2;2023;25;3;2;1;Szikra_Zoltan;1
152;25;1;2;2023;25;10;3;0;Galfy_Janos;1
153;26;1;1;2023;25;27;1;0;Csiha_Ildiko;0
154;1;1;2;2023;26;5;2;1;Domonkos_Gabor;1
155;2;1;1;2023;26;27;2;1;Gaspar_Andrea;0
156;3;1;2;2023;26;9;1;0;Sinka_Andrea;1
157;16;1;2;2023;27;4;2;1;Gombos_Istvan;1
158;26;1;2;2023;27;2;1;1;Kaldenekker_Zsolt;1
159;2;1;2;2023;27;3;2;0;Balku_Klara;1
160;7;1;2;2023;28;6;1;1;Schoner_Andrea;1
161;19;1;2;2023;28;5;2;0;Cseplo_Gabriella;1
162;27;1;2;2023;28;5;1;1;Flesko_Brigitta;1
163;4;1;2;2023;28;9;3;1;Garai_Robert;1
164;10;1;2;2023;28;9;1;0;Kacso_Henriett;1
165;11;1;2;2023;28;7;1;0;Eperjesi_Jozsef;1
166;8;2;2;2023;1;6;1;1;Panyik_Beata;0
167;9;2;2;2023;1;3;2;1;Fenyves_Kinga;0
168;15;2;2;2023;2;15;2;0;Bozsik_Ingrid;0
169;26;2;2;2023;2;11;3;0;Herczeg_Ilona;0
170;12;2;2;2023;2;15;2;0;Farago_Adam;0
171;13;2;2;2023;2;16;3;0;Schilt_Edit;0
172;6;2;2;2023;3;14;2;0;0es_Terez;0
173;9;2;2;2023;3;10;2;1;Susko_Eva;0
174;16;2;2;2023;4;14;2;0;Pflaum_Ferenc;0
175;17;2;2;2023;4;12;1;0;Brigovacz_Gabor;0
176;19;2;2;2023;5;15;2;0;Safar_Hajnalka;0
177;27;2;2;2023;5;16;1;1;Berbekucz_Vilmos;0
178;1;2;2;2023;5;19;2;1;Polom_Lajos;0
179;2;2;2;2023;5;12;1;0;Csiga_Gabriella;0
180;7;2;2;2023;6;13;1;0;Ambrus_Viktoria;0
181;8;2;2;2023;6;16;3;0;Dancso_Jozsef;0
182;14;2;2;2023;6;16;1;1;Nyikon_Laszlo;0
183;20;2;2;2023;6;16;2;1;Laki_Andrea;0
184;11;2;2;2023;7;13;2;1;Parragi_Orsolya;0
185;21;2;2;2023;7;8;2;1;Sipocz_Ilona;0
186;22;2;2;2023;7;20;2;0;Bolla_Agnes;0
187;23;2;2;2023;7;15;2;1;Kemenczei_Dezso;0
188;21;2;2;2023;8;13;1;1;Burian_Laszlo;0
189;18;2;2;2023;9;12;3;0;Kravecz_Andras;0
190;3;2;2;2023;9;12;2;0;Regos_Andrea;0
191;4;2;2;2023;9;20;1;1;Gyetvai_Edit;0
192;5;2;2;2023;10;17;2;1;Gulyas_Andras;0
193;9;2;2;2023;10;13;2;0;Noll_Henriett;0
194;25;2;2;2023;10;19;2;0;Sinko_Piroska;0
195;10;2;2;2023;10;16;2;1;Kovacs_Irma;0
196;24;2;2;2023;10;12;3;1;Fockter_Edit;0
197;26;2;2;2023;11;16;2;0;Barath_Csenge;0
198;17;2;2;2023;12;25;1;1;Adamcsik_Rozsa;0
199;18;2;2;2023;12;17;3;0;Fogarasi_Maria;0
200;7;2;2;2023;13;18;1;0;Szombati_Magdolna;0
201;6;2;2;2023;14;17;1;0;Penzes_Regina;0
202;9;2;2;2023;14;25;1;0;Keszely_Zoltan;0
203;16;2;2;2023;14;15;1;1;Korb_Andrea;0
204;2;2;2;2023;14;20;1;0;Helyi_Melinda;0
205;15;2;2;2023;15;20;1;0;Koroknai_Peter;0
206;16;2;2;2023;15;26;2;0;Balog_Robert;0
207;19;2;2;2023;15;20;1;0;Ender_Eva;0
208;8;2;2;2023;16;24;1;0;Fuz_Anna;0
209;26;2;2;2023;16;27;2;1;Mago_Margit;0
210;27;2;2;2023;16;26;2;0;Deak_Gabriella;0
211;5;2;2;2023;18;20;1;0;Kapolnai_Eszter;0
212;6;2;2;2023;18;26;2;1;Ban_Gyongyi;0
213;7;2;2;2023;18;23;2;1;Endresz_Marta;0
214;18;2;2;2023;18;27;1;0;Marinov_Maria;0
215;25;2;2;2023;19;26;1;1;Dicso_Erzsebet;0
216;1;2;2;2023;19;31;2;1;Izing_Margit;0
217;3;2;2;2023;19;20;3;0;Radics_Terez;0
218;10;2;2;2023;19;23;1;0;Bodogan_Andrea;0
219;5;2;2;2023;20;23;1;0;Szelenyi_Tamara;0
220;15;2;2;2023;20;25;2;1;Molnar_Judit;0
221;19;2;2;2023;20;23;2;1;Szkenderovics_Krisztina;0
222;2;2;2;2023;21;22;2;1;Farago_Timea;0
223;3;2;3;2023;21;2;2;0;Szantai_Katalin;1
224;2;2;2;2023;22;25;2;0;Banfi_Eszter;0
225;4;2;3;2023;22;4;1;0;Fekete_Aniko;1
226;11;2;2;2023;22;27;1;0;Sneider_Eva;0
227;5;2;2;2023;23;27;1;0;Sarkany_Zsuzsanna;0
228;7;2;3;2023;24;3;1;1;Bacher_Hajnalka;1
229;8;2;2;2023;24;26;2;0;Flogl_Bernadett;0
230;9;2;3;2023;25;6;2;0;Fekete_Katalin;1
231;15;2;3;2023;25;1;2;0;Szoke_Csilla;1
232;17;2;2;2023;25;28;1;1;Szucs_Ervin;0
233;6;2;2;2023;26;27;1;1;Branauer_Judit;0
234;8;2;3;2023;26;6;1;0;Poldan_Rudolf;1
235;16;2;3;2023;26;1;1;1;Bothazy_Attila;1
236;5;2;2;2023;27;28;2;0;Sztaho_Judit;0
237;6;2;3;2023;27;7;2;0;Farago_Andrea;1
238;18;2;3;2023;27;4;1;1;Rajos_Gyongyi;1
239;5;2;3;2023;28;2;2;1;Majzik_Dora;1
240;17;2;2;2023;30;31;1;1;Forczek_Sandor;0
241;19;2;3;2023;30;13;2;1;Horvath_Anna;1
242;25;2;3;2023;30;4;1;0;Szilagyi_Miklos;1
243;17;2;3;2023;31;12;1;0;Molnar_Zoltan;1
244;26;2;3;2023;31;12;2;0;Bodnar_Erika;1
245;15;3;3;2023;1;7;3;0;Harsanyi_Aniko;0
246;5;3;3;2023;2;15;2;0;Szekely_Sandor;0
247;16;3;3;2023;2;16;2;1;Lubik_Julianna;0
248;7;3;3;2023;3;6;1;0;Krajczar_Gyula;0
249;27;3;3;2023;3;4;1;0;Rappi_Krisztina;0
250;1;3;3;2023;3;17;2;1;Patkai_Zsolt;0
251;2;3;3;2023;3;11;2;1;Bauer_Anett;0
252;3;3;3;2023;3;9;1;0;Godo_Ilona;0
253;10;3;3;2023;3;17;1;0;Csokasi_Szonja;0
254;18;3;3;2023;4;11;1;0;Steflik_Ilona;0
255;7;3;3;2023;6;20;2;0;Gyure_Ilona;0
256;8;3;3;2023;6;10;1;1;Lepsenyi_Zoltan;0
257;6;3;3;2023;7;13;1;0;Fazakas_Anita;0
258;9;3;3;2023;7;17;2;1;Khan_Katalin;0
259;15;3;3;2023;7;17;2;1;Pencs_Marta;0
260;25;3;3;2023;7;9;1;1;Eory_Rozalia;0
261;27;3;3;2023;8;22;3;0;Fekete_Gyorgy;0
262;4;3;3;2023;8;10;3;1;Herbay_Jozsef;0
263;25;3;3;2023;9;16;2;0;Nanai_Ibolya;0
264;3;3;3;2023;9;21;1;1;Hunyadi_Terezia;0
265;11;3;3;2023;9;12;1;0;Szkrajcsics_Maria;0
266;12;3;3;2023;9;21;1;0;Illes_Bernadett;0
267;8;3;3;2023;10;23;1;1;Chrenko_Erzsebet;0
268;4;3;3;2023;10;15;1;0;Bittmann_Anna;0
269;18;3;3;2023;11;22;1;0;Devai_Janos;0
270;2;3;3;2023;11;18;3;1;Bacskai_Ferenc;0
271;13;3;3;2023;11;19;1;1;Schonberger_Zsuzsanna;0
272;14;3;3;2023;11;19;1;0;Arokszallasi_Szilvia;0
273;17;3;3;2023;12;17;2;0;Czegeny_Veronika;0
274;26;3;3;2023;12;26;1;1;Hollo_Beata;0
275;11;3;3;2023;12;20;1;1;Soos_Krisztina;0
276;20;3;3;2023;12;16;2;1;Gyimesi_Gabor;0
277;6;3;3;2023;13;23;1;1;Gyongyi_Aniko;0
278;19;3;3;2023;13;17;2;0;Kunsch_Marietta;0
279;21;3;3;2023;13;27;1;0;Basar_Eva;0
280;22;3;3;2023;13;25;1;0;Pungor_Eva;0
281;23;3;3;2023;13;18;1;0;Baji_Julia;0
282;24;3;3;2023;14;23;3;1;Csik_Erzsebet;0
283;5;3;3;2023;16;24;1;1;Komlodi_Monika;0
284;16;3;3;2023;16;20;1;0;Farkas_Lajos;0
285;25;3;3;2023;16;30;2;0;Szincsak_Gabriella;0
286;9;3;3;2023;17;26;1;1;Szorath_Andras;0
287;15;3;3;2023;17;27;3;1;Gaal_Maria;0
288;17;3;3;2023;18;30;1;1;Szvitan_Beata;0
289;19;3;3;2023;18;29;2;0;Bachmann_Andrea;0
290;1;3;3;2023;18;25;3;1;Ablaka_Szilvia;0
291;2;3;3;2023;18;20;2;0;Gyorfi_Veronika;0
292;4;3;3;2023;18;26;2;1;Fulop_Zsuzsanna;0
293;10;3;3;2023;18;20;1;1;Czigony_Ibolya;0
294;20;3;3;2023;18;23;3;1;Kiss_Istvan;0
295;7;3;3;2023;20;27;2;1;Kassai_Ilona;0
296;16;3;4;2023;20;2;2;0;Encsy_Gyorgy;1
297;2;3;4;2023;21;5;1;0;Erdei_Zsuzsanna;1
298;3;3;3;2023;21;30;1;1;Kohajda_Janos;0
299;10;3;3;2023;21;22;3;1;Elek_Erzsebet;0
300;11;3;3;2023;21;29;2;1;Soos_Sandor;0
301;12;3;4;2023;21;3;3;0;Laborczfy_Szabina;1
302;13;3;4;2023;21;3;1;1;Rappi_Krisztina;1
303;14;3;4;2023;21;4;2;0;Hohmann_Krisztian;1
304;23;3;3;2023;21;29;2;0;Liptak_Istvan;0
305;18;3;3;2023;22;25;3;1;Galko_Monika;0
306;27;3;4;2023;22;4;2;1;Sulyok_Maria;1
307;6;3;3;2023;23;29;1;1;Danyis_Andrea;0
308;8;3;4;2023;23;3;1;1;Gorog_Gyongyi;1
309;5;3;3;2023;24;27;1;0;Ban_Eva;0
310;10;3;3;2023;24;28;2;0;Lengyel_Margit;0
311;18;3;4;2023;25;9;1;0;Repas_Antal;1
312;1;3;3;2023;25;28;2;0;Dullo_Katalin;0
313;20;3;3;2023;25;28;1;1;Pal_Jozsef;0
314;22;3;3;2023;25;26;1;0;Horvath_Reka;0
315;9;3;3;2023;26;30;3;0;Hartman_Zsuzsanna;0
316;26;3;4;2023;26;4;2;1;Mate_Pal;1
317;5;3;4;2023;27;10;2;0;Kercza_Erika;1
318;7;3;4;2023;27;9;2;0;Laczko_Monika;1
319;15;3;4;2023;27;1;2;0;Gosi_Maria;1
320;4;3;4;2023;27;9;2;0;Nyuka_Anna;1
321;1;3;4;2023;28;9;2;1;Bacsa_Anita;1
322;6;3;4;2023;29;7;2;0;Pollak_Olga;1
323;19;3;4;2023;29;9;1;1;Domotori_Hajnalka;1
324;10;3;4;2023;29;10;2;0;Polyecsko_Zsolt;1
325;11;3;4;2023;29;12;2;1;Hugyik_Robert;1
326;9;3;4;2023;30;11;1;0;Bozai_Jozsef;1
327;15;4;4;2023;1;18;2;1;Meszaros_Agnes;0
328;16;4;4;2023;2;5;1;1;Gocze_Julianna;0
329;17;4;4;2023;2;8;2;1;Szakal_Linda;0
330;25;4;4;2023;2;4;3;1;Geiszkopf_Dora;0
331;3;4;4;2023;2;16;1;1;Lovas_Johanna;0
332;8;4;4;2023;3;6;2;0;Arnoczki_Lajos;0
333;12;4;4;2023;3;6;3;0;Szekely_Csilla;0
334;25;4;4;2023;4;12;2;0;Pusztai_Ferenc;0
335;26;4;4;2023;4;17;1;1;Szasz_Gyula;0
336;27;4;4;2023;4;18;2;1;Pozsonyi_Imre;0
337;16;4;4;2023;5;13;2;0;Szigeti_Tamas;0
338;2;4;4;2023;5;14;1;1;Hangonyi_Bernadett;0
339;13;4;4;2023;5;17;3;1;Somlovari_Istvan;0
340;14;4;4;2023;5;13;3;0;Koszegi_Krisztina;0
341;8;4;4;2023;6;19;1;1;Susko_Eniko;0
342;12;4;4;2023;6;16;2;0;Pinter_Erika;0
343;20;4;4;2023;6;8;2;1;Lovas_Eva;0
344;21;4;4;2023;6;20;2;0;Szopko_Gabor;0
345;22;4;4;2023;6;17;1;0;Szarka_Gyorgy;0
346;6;4;4;2023;8;21;2;1;Ivan_Iren;0
347;17;4;4;2023;8;18;2;1;Daroczi_Zsolt;0
348;5;4;4;2023;10;18;1;0;Szilasi_Ildiko;0
349;7;4;4;2023;10;18;2;1;Milyacski_Eva;0
350;9;4;4;2023;11;12;2;0;Auer_Lajos;0
351;18;4;4;2023;11;19;1;0;Olah_Marianna;0
352;19;4;4;2023;11;12;2;1;Pali_Zsuzsanna;0
353;1;4;4;2023;11;22;2;0;Ambrus_Ferenc;0
354;4;4;4;2023;11;25;2;0;Mile_Mihaly;0
355;9;4;4;2023;12;25;1;1;Kurti_Zoltan;0
356;19;4;4;2023;12;20;2;1;Gazsek_Andrea;0
357;25;4;4;2023;12;22;1;1;Somodi_Robert;0
358;10;4;4;2023;12;15;1;1;Lutz_Andrea;0
359;11;4;4;2023;12;15;1;0;Dobrotka_Viktoria;0
360;20;4;4;2023;12;20;1;0;Lajtos_Helga;0
361;16;4;4;2023;13;22;1;0;Mayer_Zsanna;0
362;2;4;4;2023;15;26;1;0;Jasso_Ildiko;0
363;10;4;4;2023;15;28;1;1;Petroczi_Aniko;0
364;11;4;4;2023;15;22;1;0;Kalincsak_Adrienn;0
365;26;4;4;2023;17;22;1;0;Marko_Gyorgy;0
366;3;4;4;2023;17;26;1;0;Csomor_Zsuzsanna;0
367;12;4;4;2023;17;26;2;1;Laklia_Edina;0
368;13;4;4;2023;17;19;2;0;Bucsy_Maria;0
369;5;4;4;2023;18;31;2;1;Csernovszky_Annamaria;0
370;7;4;4;2023;18;27;2;1;Ravasz_Krisztina;0
371;8;4;4;2023;19;23;2;1;Peredi_Gabor;0
372;15;4;4;2023;19;21;2;1;Hanyicz_Krisztina;0
373;17;4;4;2023;19;23;3;0;Noszko_Hermina;0
374;18;4;4;2023;19;23;1;1;Jozsef_Aniko;0
375;19;4;4;2023;20;26;1;1;Pogany_Jozsef;0
376;27;4;4;2023;20;21;3;1;Banfi_Eva;0
377;13;4;4;2023;20;28;3;1;Klimaj_Illes;0
378;14;4;4;2023;20;31;2;0;Szulo_Eniko;0
379;20;4;5;2023;20;1;1;1;Balassa_Sandor;1
380;6;4;5;2023;21;2;1;0;Cseh_Margit;1
381;15;4;5;2023;21;4;3;1;Csenge_Judit;1
382;27;4;4;2023;21;27;2;1;Csiszar_Julia;0
383;21;4;5;2023;21;1;2;1;Paukovics_Lajos;1
384;22;4;4;2023;21;25;1;0;Jung_Andrea;0
385;23;4;4;2023;21;28;2;0;Redei_Eva;0
386;16;4;4;2023;22;31;1;1;Oros_Laszlo;0
387;25;4;5;2023;22;2;1;0;Szappanos_Edit;1
388;8;4;4;2023;23;24;2;1;Kiszel_Annamaria;0
389;8;4;4;2023;24;25;2;1;Kozari_Imre;0
390;17;4;5;2023;24;1;1;0;Bodis_Szilvia;1
391;18;4;4;2023;24;25;3;1;Markucz_Edina;0
392;26;4;4;2023;24;27;2;1;Buknicz_Tunde;0
393;1;4;5;2023;24;4;1;1;Ribar_Beata;1
394;8;4;4;2023;25;27;2;0;David_Edit;0
395;9;4;4;2023;25;31;1;0;Korsos_Eszter;0
396;18;4;4;2023;25;27;1;0;Hollo_Judit;0
397;4;4;4;2023;25;28;2;1;Hermann_Matyas;0
398;19;4;4;2023;26;28;2;1;Lang_Patricia;0
399;2;4;5;2023;26;3;1;0;Ritter_Janos;1
400;7;4;5;2023;27;1;1;1;Kuzma_Szilvia;1
401;8;4;4;2023;27;28;1;1;Kanai_Vilma;0
402;8;4;5;2023;28;10;1;1;Angyal_Aniko;1
403;18;4;4;2023;28;31;2;1;Horvath_Emoke;0
404;19;4;5;2023;28;10;1;0;Szellar_Erzsebet;1
405;26;4;5;2023;29;5;1;1;Macsai_Judit;1
406;27;4;5;2023;29;12;1;0;Macsi_Eva;1
407;3;4;5;2023;29;4;1;1;Pozsonyi_Marta;1
408;4;4;4;2023;29;31;2;0;Balint_Marianna;0
409;10;4;5;2023;30;11;1;1;0edi_Orsolya;1
410;11;4;5;2023;30;4;2;0;Szalkai_Ildiko;1
411;12;4;4;2023;30;31;1;0;Albert_Iren;0
412;13;4;4;2023;30;31;3;1;Bejczi_Terez;0
413;5;4;5;2023;31;7;1;0;Sullay_Ildiko;1
414;7;5;5;2023;1;10;2;1;Hegyi_Judit;0
415;9;5;5;2023;1;4;2;1;Perger_Iren;0
416;16;5;5;2023;1;4;2;1;Surmann_Ildiko;0
417;17;5;5;2023;1;14;3;0;Csobonyei_Zsolt;0
418;18;5;5;2023;1;5;2;0;Belius_Valeria;0
419;4;5;5;2023;1;9;2;0;Kelemen_Timea;0
420;6;5;5;2023;2;9;1;0;Mandi_Konrad;0
421;25;5;5;2023;2;11;1;1;Patai_Eva;0
422;12;5;5;2023;2;5;2;0;Kis_Timea;0
423;2;5;5;2023;3;13;1;0;Havass_Viktoria;0
424;13;5;5;2023;3;9;1;1;Almasi_Ilona;0
425;9;5;5;2023;4;14;1;0;Gyorfi_Aniko;0
426;15;5;5;2023;4;11;1;0;Herter_Melinda;0
427;16;5;5;2023;4;10;1;1;Lakatos_Denes;0
428;1;5;5;2023;4;14;1;1;Lazi_Lajos;0
429;3;5;5;2023;4;17;2;0;Hanyecz_Ildiko;0
430;11;5;5;2023;4;14;2;1;Czinege_Edina;0
431;14;5;5;2023;4;6;1;0;Laczko_Erika;0
432;20;5;5;2023;4;16;1;0;Galhazi_Beatrix;0
433;21;5;5;2023;4;12;2;1;Habenczyus_Csilla;0
434;18;5;5;2023;5;12;3;0;Fulop_Anita;0
435;26;5;5;2023;5;6;2;0;Szenczi_Barbara;0
436;12;5;5;2023;5;7;1;1;Perge_Marta;0
437;26;5;5;2023;6;19;2;0;Kuti_Marta;0
438;14;5;5;2023;6;16;1;0;Horvath_Sandor;0
439;22;5;5;2023;6;20;2;1;Halbik_Edit;0
440;23;5;5;2023;6;14;1;1;Pek_Annamaria;0
441;24;5;5;2023;6;20;2;1;Csirkes_Marianna;0
442;5;5;5;2023;7;11;2;1;Kalnay_Margit;0
443;12;5;5;2023;7;21;1;1;Forgacs_Marianna;0
444;6;5;5;2023;9;18;1;1;Lauer_Zsuzsanna;0
445;4;5;5;2023;9;14;2;0;Szili_Tibor;0
446;7;5;5;2023;10;22;2;1;Godo_Krisztina;0
447;8;5;5;2023;10;18;2;0;Petresevics_Gyorgyi;0
448;16;5;5;2023;10;21;2;0;Budea_Ildiko;0
449;19;5;5;2023;10;13;2;1;Liszek_Judit;0
450;13;5;5;2023;10;15;1;1;Bella_Ildiko;0
451;5;5;5;2023;11;21;1;0;Borai_Maria;0
452;15;5;5;2023;11;15;3;0;Lovro_Zsolt;0
453;25;5;5;2023;11;13;1;0;Dunai_Timea;0
454;10;5;5;2023;11;19;2;1;Kanalas_Balazs;0
455;18;5;5;2023;12;24;1;0;Dickmann_Csanad;0
456;27;5;5;2023;12;21;2;0;Bazsik_Istvan;0
457;21;5;5;2023;12;18;1;1;Kovari_Ildiko;0
458;19;5;5;2023;13;19;1;1;Szollosi_Ildiko;0
459;25;5;5;2023;13;27;1;1;Radacsi_Orsolya;0
460;2;5;5;2023;13;14;1;0;Marosy_Mariann;0
461;9;5;5;2023;14;16;2;0;Dora_Zsuzsanna;0
462;17;5;5;2023;14;28;3;0;Karosi_Krisztina;0
463;1;5;5;2023;14;17;2;1;Sebestyen_Janos;0
464;2;5;5;2023;14;21;1;1;Babel_Zoltan;0
465;9;5;5;2023;16;21;2;1;Jozsa_Judit;0
466;15;5;5;2023;16;29;1;0;Grath_Aniko;0
467;1;5;5;2023;17;29;3;1;Miskoviec_Andrea;0
468;6;5;5;2023;18;28;1;1;Poloskei_Laszlo;0
469;8;5;5;2023;18;19;1;0;Ravasz_Istvan;0
470;3;5;6;2023;18;1;2;1;Szanto_Erika;1
471;4;5;5;2023;18;22;2;1;Somfai_Andrea;0
472;11;5;5;2023;18;23;1;1;0eth_Karoly;0
473;8;5;5;2023;19;26;1;0;Csatlos_Robert;0
474;19;5;5;2023;19;23;1;0;Markus_Marta;0
475;26;5;5;2023;19;25;2;1;0es_Tunde;0
476;10;5;5;2023;19;26;2;0;0edi_Otto;0
477;13;5;5;2023;20;24;2;0;Kocsis_Lucia;0
478;5;5;5;2023;21;23;1;1;Nyilas_Rozalia;0
479;9;5;6;2023;21;5;2;1;Sziber_Szilard;1
480;16;5;6;2023;21;2;2;1;Scharf_Szilvia;1
481;27;5;5;2023;21;28;1;1;Peczeli_Kitti;0
482;2;5;6;2023;21;2;2;0;Kocsis_Lajos;1
483;12;5;5;2023;21;25;2;1;Bona_Monika;0
484;14;5;5;2023;21;24;2;1;Steiner_Anita;0
485;7;5;5;2023;22;27;1;1;Ecsedi_Janos;0
486;5;5;6;2023;23;1;1;0;Csakanyi_Henrietta;1
487;19;5;6;2023;23;1;1;0;Szigeti_Roland;1
488;4;5;6;2023;23;1;1;1;Katus_Andras;1
489;11;5;6;2023;23;1;1;1;Hamar_Adrienn;1
490;20;5;6;2023;23;4;1;1;Bekes_Rita;1
491;21;5;6;2023;23;1;3;0;Selley_Bernadett;1
492;18;5;6;2023;24;6;1;1;Ling_Bernadett;1
493;13;5;5;2023;24;28;1;1;Balatoni_Richard;0
494;14;5;6;2023;24;1;1;0;Kosztin_Tibor;1
495;22;5;6;2023;24;5;1;0;Sule_Mihaly;1
496;26;5;6;2023;25;6;2;1;Horvath_Anett;1
497;12;5;6;2023;25;3;2;1;Szemzo_Szilvia;1
498;23;5;6;2023;25;3;1;0;Dardai_Krisztina;1
499;24;5;6;2023;25;4;3;1;Hangodi_Aranka;1
500;8;5;6;2023;26;6;2;0;Ivanyi_Bela;1
501;10;5;6;2023;26;10;1;0;Seban_Gabor;1
502;7;5;6;2023;27;1;1;1;Sari_Peter;1
503;6;5;6;2023;28;5;1;0;Rozenberszki_Erika;1
504;17;5;6;2023;28;7;2;0;Gyokos_Nikoletta;1
505;25;5;5;2023;28;30;1;0;Konye_Agoston;0
506;27;5;6;2023;28;4;1;1;Sarok_Istvan;1
507;13;5;6;2023;28;6;2;1;Horvath_Anita;1
508;15;5;6;2023;29;5;2;0;Matyashazi_Cecilia;1
509;1;5;6;2023;29;12;2;0;Lapat_Erika;1
510;25;5;6;2023;30;11;2;1;Bene_Zsofia;1
511;5;6;6;2023;1;10;1;0;Jezsoviczky_Reka;0
512;7;6;6;2023;1;7;2;0;Ponak_Andrea;0
513;16;6;6;2023;2;6;1;0;Bajtai_Maria;0
514;19;6;6;2023;2;4;1;1;Soskuti_Andras;0
515;2;6;6;2023;2;12;1;0;Gyurko_Maria;0
516;3;6;6;2023;2;15;1;0;Boros_Laszlo;0
517;4;6;6;2023;3;14;1;1;Juhasz_Csilla;0
518;19;6;6;2023;4;6;2;1;Moreh_Gyorgyi;0
519;27;6;6;2023;4;10;2;0;Fabok_Bernadett;0
520;11;6;6;2023;4;15;1;1;Patkai_Zoltan;0
521;6;6;6;2023;5;13;2;1;Juhasz_Sarolta;0
522;9;6;6;2023;5;17;1;1;Szilvasi_Ildiko;0
523;8;6;6;2023;6;17;2;1;Pengo_Csaba;0
524;15;6;6;2023;6;13;3;0;Budai_Dora;0
525;16;6;6;2023;6;10;1;0;Csaklany_Jozsef;0
526;18;6;6;2023;6;11;3;1;Jakabovits_Balazs;0
527;19;6;6;2023;6;18;1;0;Pazsi_Ida;0
528;26;6;6;2023;6;13;2;0;Kiss_Gyorgyi;0
529;12;6;6;2023;6;16;1;1;Masszi_Ferenc;0
530;7;6;6;2023;7;15;2;0;Demeter_Sarolta;0
531;17;6;6;2023;7;14;2;0;Kalnay_Margit;0
532;13;6;6;2023;7;20;1;0;Sebestyen_Brigitta;0
533;14;6;6;2023;7;9;2;0;Rak_Imre;0
534;20;6;6;2023;7;13;1;1;Szakacs_Iren;0
535;14;6;6;2023;9;20;2;1;Horogh_Ilona;0
536;21;6;6;2023;9;17;2;0;Csorba_Csaba;0
537;22;6;6;2023;9;14;1;0;Duch_Ilona;0
538;23;6;6;2023;9;23;2;0;0oda_Judit;0
539;5;6;6;2023;10;17;3;1;0es_Viktoria;0
540;16;6;6;2023;11;19;2;1;Schneider_Csaba;0
541;18;6;6;2023;12;14;2;0;Alter_Katalin;0
542;6;6;6;2023;13;24;2;1;Bole_Laszlo;0
543;15;6;6;2023;13;20;2;0;Gyongyosi_Brigitta;0
544;25;6;6;2023;13;27;1;1;Kondor_Eva;0
545;26;6;6;2023;13;24;2;0;Mogyorosi_Katalin;0
546;17;6;6;2023;14;22;1;0;Repiczki_Eva;0
547;7;6;6;2023;15;16;2;1;Remenyi_Krisztian;0
548;18;6;6;2023;15;24;1;1;Jenei_Katalin;0
549;27;6;6;2023;15;29;1;0;Bischof_Barbara;0
550;1;6;6;2023;15;28;1;0;Kaho_Jozsef;0
551;7;6;6;2023;16;26;2;1;Horvath_Julianna;0
552;2;6;6;2023;16;18;1;1;Gazda_Aniko;0
553;3;6;6;2023;16;28;1;1;Suhajda_Jozsef;0
554;5;6;6;2023;17;23;2;0;Budavari_Krisztina;0
555;8;6;6;2023;17;20;1;0;Foszto_Ilona;0
556;9;6;6;2023;17;23;2;0;Salamon_Tamas;0
557;4;6;6;2023;17;31;2;1;Heitler_Erika;0
558;10;6;6;2023;17;18;2;0;Szakacs_Ibolya;0
559;11;6;6;2023;17;27;1;1;Kiss_Ferenc;0
560;12;6;6;2023;17;23;2;1;Egyed_Geza;0
561;19;6;6;2023;18;22;2;0;Pecsenye_Maria;0
562;2;6;6;2023;18;21;2;0;Angyal_Katalin;0
563;16;6;6;2023;19;30;2;1;Magyar_Erzsebet;0
564;10;6;6;2023;19;24;1;0;Halasz_Maria;0
565;20;6;6;2023;19;21;3;0;Kanda_Tunde;0
566;8;6;6;2023;20;22;1;0;Somlai_Zsuzsanna;0
567;15;6;7;2023;20;1;1;0;Balazs_Adrea;1
568;13;6;6;2023;20;31;1;0;Oss_Krisztina;0
569;2;6;6;2023;21;22;1;0;Papp_Gabriella;0
570;14;6;6;2023;21;27;3;1;Izso_Ilona;0
571;8;6;7;2023;22;2;3;0;Karpati_Zsuzsanna;1
572;17;6;6;2023;22;30;1;0;Kaszab_Gabor;0
573;19;6;6;2023;22;30;1;1;Bede_Zoltan;0
574;2;6;6;2023;22;25;2;1;Csaki_Erzsebet;0
575;20;6;6;2023;22;29;1;1;Kohari_Ferenc;0
576;21;6;6;2023;22;29;2;0;Pohr_Maria;0
577;5;6;7;2023;23;5;1;1;Gyorgy_Agota;1
578;9;6;6;2023;23;26;2;1;Ambrus_Agnes;0
579;12;6;7;2023;23;5;2;1;Csizmadia_Zoltan;1
580;22;6;7;2023;23;6;2;0;Novak_Margit;1
581;23;6;7;2023;23;2;1;1;Ruder_Ildiko;1
582;24;6;7;2023;23;5;3;0;Dojcsak_Zsuzsanna;1
583;6;6;6;2023;24;26;2;1;Adam_Lajos;0
584;18;6;6;2023;24;31;2;1;Barkovics_Klara;0
585;26;6;6;2023;24;31;2;1;Bakos_Sandor;0
586;2;6;7;2023;25;3;2;0;Danko_Bernadett;1
587;10;6;6;2023;25;26;3;1;Boczi_Erzsebet;0
588;6;6;7;2023;26;4;1;1;Mizere_Maria;1
589;7;6;7;2023;26;9;2;1;Gyalog_Mariann;1
590;9;6;6;2023;27;28;3;1;Herczeg_Sandor;0
591;25;6;7;2023;27;7;1;0;Schneringer_Norbert;1
592;10;6;7;2023;27;5;3;1;Palasti_Viktoria;1
593;9;6;7;2023;28;3;2;1;Jeles_Ildiko;1
594;1;6;7;2023;28;1;1;0;Dobak_Gabriella;1
595;3;6;7;2023;28;9;2;0;Sara_Antal;1
596;11;6;7;2023;28;2;2;0;Kallo_Ildiko;1
597;27;6;7;2023;29;3;2;1;Nick_Zsuzsanna;1
598;14;6;7;2023;29;2;1;1;Kiss_Andor;1
599;16;6;7;2023;30;1;1;0;Lonich_Erzsebet;1
600;17;6;7;2023;30;12;1;0;Bogar_Andrea;1
601;18;6;7;2023;31;1;2;1;Maszlai_Pal;1
602;19;6;7;2023;31;7;2;0;Bende_Erzsebet;1
603;15;7;7;2023;1;5;2;0;Rabakozi_Katalin;0
604;16;7;7;2023;1;6;1;0;Cziraki_Zsuzsanna;0
605;18;7;7;2023;1;7;1;1;Mucsi_Viktor;0
606;26;7;7;2023;1;7;2;1;Garami_Zsofia;0
607;8;7;7;2023;2;5;1;0;Kadi_Gyula;0
608;1;7;7;2023;2;14;1;0;Erdos_Ferenc;0
609;4;7;7;2023;2;9;1;1;Farago_Tamara;0
610;11;7;7;2023;2;3;3;1;Kovacs_Timea;0
611;9;7;7;2023;3;10;2;1;Mayer_Peter;0
612;27;7;7;2023;3;12;1;0;Menyhart_Eva;0
613;6;7;7;2023;4;17;2;0;Demko_Gizella;0
614;5;7;7;2023;5;18;2;0;Hota_Endre;0
615;8;7;7;2023;6;7;1;1;Hoffmann_Zsolt;0
616;15;7;7;2023;6;15;1;0;Budacs_Peter;0
617;8;7;7;2023;7;11;2;1;Megyes_Margit;0
618;16;7;7;2023;8;14;1;0;Danielisz_Marianna;0
619;18;7;7;2023;8;14;1;1;Ledniczki_Judit;0
620;19;7;7;2023;8;22;1;1;Percsi_Zsuzsanna;0
621;7;7;7;2023;9;23;1;1;Farkas_Aniko;0
622;25;7;7;2023;9;19;1;1;Lendvay_Evelin;0
623;26;7;7;2023;9;15;2;0;Gocsei_Eva;0
624;9;7;7;2023;10;15;1;0;Simarszki_Zoltan;0
625;2;7;7;2023;10;20;2;1;Ostor_Miklos;0
626;3;7;7;2023;10;14;2;1;Nagel_Anna;0
627;4;7;7;2023;10;14;2;0;Filkor_Robert;0
628;8;7;7;2023;11;24;1;1;Polyak_Henrietta;0
629;10;7;7;2023;11;19;2;0;Pozsgai_Erzsebet;0
630;11;7;7;2023;11;12;1;0;Pota_Ildiko;0
631;17;7;7;2023;12;25;1;0;Szeghy_Edit;0
632;27;7;7;2023;12;22;2;1;Magyar_Aniko;0
633;11;7;7;2023;12;21;1;1;Kokeny_Veronika;0
634;12;7;7;2023;12;14;1;1;Polyak_Ferenc;0
635;13;7;7;2023;12;13;1;1;Holdoner_Mariann;0
636;14;7;7;2023;12;21;1;0;Gonye_Judit;0
637;13;7;7;2023;13;23;1;0;Kiss_Imre;0
638;20;7;7;2023;13;21;2;1;Kollat_Eva;0
639;21;7;7;2023;13;17;2;0;Petz_Tibor;0
640;16;7;7;2023;14;19;2;1;Harmatos_Edit;0
641;18;7;7;2023;14;27;3;1;Kokas_Eva;0
642;9;7;7;2023;15;17;1;1;Csernus_Hajnalka;0
643;15;7;7;2023;15;17;2;1;Hettik_Zoltan;0
644;26;7;7;2023;16;24;2;0;Kosztolanczi_Anna;0
645;1;7;7;2023;16;24;2;0;Rovid_Marta;0
646;3;7;7;2023;16;28;2;0;Strohmayer_Erika;0
647;4;7;7;2023;16;17;3;1;Holczinger_Zoltan;0
648;12;7;7;2023;16;27;3;0;Benko_Beata;0
649;6;7;7;2023;17;19;2;1;Koder_Attila;0
650;9;7;7;2023;17;23;2;1;Grimm_Krisztian;0
651;15;7;7;2023;17;30;1;0;Hevesi_Eva;0
652;4;7;7;2023;17;24;2;1;Halasz_Viktoria;0
653;21;7;7;2023;17;22;2;0;Eory_Krisztina;0
654;22;7;7;2023;17;25;2;0;Maka_Erzsebet;0
655;23;7;7;2023;17;25;2;1;Marton_Erzsebet;0
656;24;7;7;2023;17;26;2;0;Hof_Laszlo;0
657;5;7;7;2023;18;20;2;1;Ozsvath_Anita;0
658;6;7;7;2023;19;25;1;0;Csoke_Gabor;0
659;16;7;7;2023;19;23;3;1;Beke_Krisztina;0
660;25;7;7;2023;19;28;1;1;Ador_Agnes;0
661;10;7;7;2023;19;25;1;0;Izsak_Adam;0
662;5;7;7;2023;20;31;1;1;Forgo_Aliz;0
663;2;7;7;2023;20;29;1;1;Partli_Zita;0
664;11;7;8;2023;21;2;1;0;Barta_Melinda;1
665;14;7;7;2023;21;25;2;1;Mihaly_Klara;0
666;19;7;7;2023;22;24;1;1;Bekesi_Attila;0
667;27;7;7;2023;22;27;3;0;Bosnyak_Katalin;0
668;20;7;7;2023;22;28;3;0;IGAZ_Attila;0
669;21;7;7;2023;22;26;1;0;Acsai_Katalin;0
670;7;7;7;2023;23;26;2;1;Almasi_Emese;0
671;9;7;7;2023;23;30;3;1;Pal_Tunde;0
672;8;7;7;2023;24;25;1;0;Domsodi_Zsuzsa;0
673;16;7;7;2023;24;27;2;0;Pauer_Zoltan;0
674;6;7;7;2023;25;26;2;0;Bartok_Gabriella;0
675;8;7;7;2023;25;28;1;0;Papucsek_Judit;0
676;17;7;7;2023;25;29;1;1;Illyes_Edit;0
677;19;7;8;2023;25;4;1;0;Lazar_Erzsebet;1
678;6;7;8;2023;26;6;1;0;Pusztai_Ferenc;1
679;7;7;8;2023;27;7;1;0;Schmidt_Istvan;1
680;16;7;8;2023;27;5;2;0;Fischinger_Attila;1
681;18;7;8;2023;27;8;2;1;Csallokozi_Rozsa;1
682;26;7;8;2023;27;2;3;0;Kiraly_Timea;1
683;8;7;7;2023;28;30;1;0;Godor_Gyula;0
684;25;7;8;2023;28;3;2;0;Poor_Agnes;1
685;27;7;7;2023;28;30;1;0;Czeizler_Judit;0
686;1;7;8;2023;28;4;1;1;Balla_Ildiko;1
687;17;7;8;2023;29;5;1;1;Gombik_Eva;1
688;2;7;7;2023;29;31;2;1;Jurasits_Laszlo;0
689;3;7;7;2023;29;31;3;1;Szikszay_Maria;0
690;4;7;8;2023;29;9;2;0;Bende_Akos;1
691;8;7;8;2023;30;4;2;1;Koves_Anita;1
692;9;7;8;2023;30;12;2;1;Salga_Ferenc;1
693;5;7;8;2023;31;10;2;0;0es_Zsuzsanna;1
694;15;7;8;2023;31;14;1;0;Adriany_Eva;1
695;27;7;8;2023;31;5;2;0;Ferenczi_Laura;1
696;2;8;8;2023;1;13;1;1;Kucson_Tibor;0
697;3;8;8;2023;1;6;2;0;Guzmits_Zsuzsanna;0
698;10;8;8;2023;1;5;1;1;Jager_Albert;0
699;26;8;8;2023;2;16;1;1;Feczenko_Illes;0
700;25;8;8;2023;3;10;1;0;Dobos_Istvan;0
701;8;8;8;2023;5;12;2;0;Bendzsak_Timea;0
702;16;8;8;2023;5;12;1;1;Gaszner_Erika;0
703;6;8;8;2023;6;14;1;0;Rozsnyai_Szilvia;0
704;17;8;8;2023;6;13;2;0;Sandor_Peter;0
705;7;8;8;2023;7;18;1;1;Mates_Gabriella;0
706;19;8;8;2023;7;14;1;1;Bandrovszky_Brigitta;0
707;27;8;8;2023;7;21;1;1;Magori_Nikolett;0
708;1;8;8;2023;7;20;1;1;Redl_Istvan;0
709;18;8;8;2023;8;10;1;0;Laczko_Katalin;0
710;3;8;8;2023;9;11;1;0;Gober_Peter;0
711;4;8;8;2023;9;23;2;1;Karasz_Melinda;0
712;5;8;8;2023;10;15;3;1;Janko_Johanna;0
713;18;8;8;2023;10;23;1;0;Hrabovszki_Helga;0
714;25;8;8;2023;10;21;1;0;Albert_Agnes;0
715;3;8;8;2023;11;18;1;1;Rostas_Hajnalka;0
716;10;8;8;2023;11;20;1;0;Kurmai_Judit;0
717;11;8;8;2023;11;18;1;1;Szaka_Gyula;0
718;12;8;8;2023;11;14;1;1;Kun_Aniko;0
719;13;8;8;2023;11;20;1;1;Baklarz_Attila;0
720;14;8;8;2023;11;21;2;0;Balogh_Gabor;0
721;8;8;8;2023;12;26;1;0;Hajdu_Aniko;0
722;9;8;8;2023;12;21;2;1;Czar_Katalin;0
723;16;8;8;2023;12;16;1;1;Bodnar_Andrea;0
724;20;8;8;2023;12;20;2;0;Suth_Gyorgy;0
725;21;8;8;2023;12;22;1;0;Berkecz_Anita;0
726;22;8;8;2023;12;17;2;1;Pinter_Gabor;0
727;17;8;8;2023;13;23;1;0;Jozsa_Ildiko;0
728;2;8;8;2023;13;23;1;1;Batta_Nikoletta;0
729;23;8;8;2023;13;16;2;0;Hegedus_Noemi;0
730;24;8;8;2023;13;16;3;0;Szakacs_Kitti;0
731;6;8;8;2023;14;20;2;0;Koos_Attila;0
732;15;8;8;2023;14;25;2;1;Babjak_Katalin;0
733;19;8;8;2023;14;16;1;0;Holecz_Dorottya;0
734;12;8;8;2023;14;22;1;1;Kocsis_Istvan;0
735;5;8;8;2023;15;23;1;1;Markos_Csaba;0
736;16;8;8;2023;16;29;2;1;Szekeres_Ildiko;0
737;19;8;8;2023;16;30;1;0;D`Albini_Anita;0
738;26;8;8;2023;16;30;1;1;Cseh_Andrea;0
739;23;8;8;2023;16;20;1;1;Ferenczi_Emoke;0
740;22;8;8;2023;17;20;2;1;Cserni_Zsuzsanna;0
741;24;8;8;2023;17;21;1;1;Czebe_Pal;0
742;7;8;8;2023;18;28;1;0;Bogya_Klara;0
743;6;8;8;2023;20;25;1;1;Kosztka_Timea;0
744;9;8;9;2023;21;4;2;1;Glaser_Zoltan;1
745;25;8;8;2023;21;28;2;0;Kacsar_Magdolna;0
746;27;8;8;2023;22;23;1;1;Szabadfi_Erika;0
747;1;8;9;2023;22;4;2;0;Sule_Andras;1
748;3;8;8;2023;22;24;3;1;Banki_Lajos;0
749;5;8;8;2023;23;24;2;0;Gergely_Katalin;0
750;17;8;8;2023;23;28;1;1;Soczo_Gabor;0
751;5;8;9;2023;24;7;2;0;Matrai_Mercedes;1
752;18;8;8;2023;24;28;1;0;Hering_Gyula;0
753;27;8;8;2023;24;28;1;1;Csendes_Erzsebet;0
754;2;8;8;2023;24;28;1;1;Brecska_Eva;0
755;3;8;8;2023;24;29;1;1;Daroczi_Hajnalka;0
756;6;8;9;2023;25;2;1;1;Mezei_Katalin;1
757;8;8;9;2023;26;6;1;1;Peti_Agnes;1
758;15;8;8;2023;26;27;2;1;Baczoni_Helga;0
759;15;8;9;2023;27;1;1;1;Bak_Sandor;1
760;7;8;9;2023;28;2;1;1;Szabo_Beata;1
761;17;8;8;2023;28;29;1;1;Boros_Katalin;0
762;18;8;9;2023;28;10;2;0;Furedi_Zita;1
763;16;8;9;2023;29;10;2;0;Hars_Beata;1
764;17;8;9;2023;29;4;1;0;Kalmar_Erika;1
765;25;8;9;2023;29;1;2;0;Csokas_Maria;1
766;19;8;9;2023;30;5;2;1;Andris_Ibolya;1
767;15;9;9;2023;1;2;1;1;Solya_Gyorgyi;0
768;6;9;9;2023;2;7;1;1;Ekessy_Erzsebet;0
769;7;9;9;2023;3;11;1;0;Schiszler_Zsuzsanna;0
770;15;9;9;2023;3;9;1;1;Csizmadia_Judit;0
771;25;9;9;2023;3;5;2;0;Asztalos_Maria;0
772;26;9;9;2023;3;8;2;1;Nagy_Jozsef;0
773;27;9;9;2023;3;10;3;1;Baka_Eva;0
774;9;9;9;2023;4;10;1;0;Ficsor_Ibolya;0
775;17;9;9;2023;4;7;3;1;Szirak_Margit;0
776;19;9;9;2023;5;13;2;0;Kovacshegyi_Dunai;0
777;8;9;9;2023;6;13;1;1;Suszter_Terezia;0
778;25;9;9;2023;6;9;1;0;Szakolcai_Peter;0
779;5;9;9;2023;7;19;2;1;Csurgai_Andras;0
780;6;9;9;2023;7;11;2;1;Borbely_Marianna;0
781;17;9;9;2023;7;13;1;1;Bikfalvi_Barbara;0
782;1;9;9;2023;7;13;2;1;Pintyoke_Katalin;0
783;26;9;9;2023;8;12;1;1;D`Albini_Anita;0
784;2;9;9;2023;8;17;2;0;Schukkert_Krisztina;0
785;3;9;9;2023;8;14;2;1;Csik_Hajnalka;0
786;4;9;9;2023;8;21;2;1;Lukatsy_Marta;0
787;15;9;9;2023;9;12;2;1;Mihaly_Marianna;0
788;25;9;9;2023;9;14;3;1;Fischer_Aniko;0
789;10;9;9;2023;9;10;1;1;Deli_Ildiko;0
790;11;9;9;2023;9;10;2;1;Ban_Mariann;0
791;12;9;9;2023;9;13;3;0;Somlai_Istvan;0
792;9;9;9;2023;10;22;2;1;Csordas_Erzsebet;0
793;16;9;9;2023;10;19;1;1;Birkas_Krisztina;0
794;18;9;9;2023;10;21;2;0;Angyal_Katalin;0
795;27;9;9;2023;10;15;2;1;Besir_Eniko;0
796;10;9;9;2023;10;16;3;1;Kobor_Vamosi;0
797;6;9;9;2023;12;14;1;1;Poraczki_Nora;0
798;7;9;9;2023;12;24;2;1;Nyikos_Miklos;0
799;15;9;9;2023;12;14;1;1;Ender_Jolan;0
800;8;9;9;2023;13;14;1;1;Hlavathy_Ildiko;0
801;6;9;9;2023;14;15;2;0;Konya_Peter;0
802;6;9;9;2023;15;25;2;1;Aczel_Anett;0
803;8;9;9;2023;15;20;2;1;Imre_Agnes;0
804;15;9;9;2023;15;17;1;1;Miklosy_Aranka;0
805;17;9;9;2023;15;20;2;0;Koska_Dora;0
806;19;9;9;2023;15;22;2;0;Amaszta_Aranka;0
807;25;9;9;2023;16;24;2;0;Banhidi_Judit;0
808;26;9;9;2023;16;22;2;1;Pali_Edit;0
809;27;9;9;2023;16;25;2;1;Simon_Erzsebet;0
810;15;9;9;2023;17;28;3;0;Pal_Maria;0
811;1;9;9;2023;17;21;2;0;File_Zsuzsanna;0
812;2;9;9;2023;17;25;2;0;Babos_Katalin;0
813;3;9;9;2023;18;26;1;1;Farago_Eniko;0
814;5;9;9;2023;19;22;3;0;Bollok_Csaba;0
815;16;9;9;2023;19;29;2;1;Kronovitter_Veronika;0
816;10;9;9;2023;19;25;1;0;Czunyi_Melinda;0
817;8;9;9;2023;20;31;2;1;Kolozsvari_Zoltan;0
818;17;9;9;2023;20;23;2;0;P._Beata;0
819;11;9;9;2023;20;23;1;1;Dusnoki_Csilla;0
820;12;9;9;2023;20;23;2;0;Molnar_Marianna;0
821;13;9;9;2023;20;29;1;0;Sule_Ferenc;0
822;14;9;9;2023;20;21;2;0;Lazar_Anita;0
823;5;9;9;2023;22;28;1;1;Czira_Monika;0
824;9;9;10;2023;22;2;2;0;Baracskai_Attila;1
825;18;9;9;2023;22;24;1;0;Berkes_Krisztina;0
826;17;9;10;2023;23;5;2;1;Gazdag_Viktor;1
827;19;9;9;2023;23;26;2;1;Jozsa_Erzsebet;0
828;26;9;9;2023;23;30;1;1;Frater_Veronika;0
829;7;9;10;2023;24;3;2;0;Barta_Gyula;1
830;18;9;9;2023;24;27;1;0;Bihari_Ildiko;0
831;6;9;10;2023;25;5;1;0;Racs_Eva;1
832;25;9;9;2023;25;31;2;1;Dobos_Krisztina;0
833;27;9;9;2023;25;26;2;1;Eckert_Szilvia;0
834;19;9;10;2023;26;2;2;1;Fuzesi_Edit;1
835;27;9;9;2023;26;30;1;0;Nandori_Karoly;0
836;18;9;10;2023;27;6;1;1;Berecz_Gyongyi;1
837;1;9;10;2023;27;4;1;1;Mrekva_Timea;1
838;5;9;10;2023;28;1;2;0;Karge_Geza;1
839;15;9;10;2023;28;7;1;0;Szalay_Marta;1
840;2;9;10;2023;28;8;1;1;Lakatos_Lajos;1
841;3;9;9;2023;28;30;1;0;Schmidt_Margit;0
842;4;9;10;2023;28;1;2;1;Pillmajer_Krisztina;1
843;10;9;10;2023;28;1;3;1;Forrai_Albert;1
844;16;9;10;2023;29;4;2;1;Bikfalvi_Barbara;1
845;11;9;10;2023;29;6;1;1;Czar_Magdolna;1
846;12;9;10;2023;29;9;2;1;Petheo_Bela;1
847;26;9;9;2023;30;31;1;1;Patkos_Gabriella;0
848;27;9;10;2023;30;13;1;1;Fekete_Aniko;1
849;3;9;10;2023;30;6;1;0;Kraszko_Katalin;1
850;13;9;10;2023;30;1;3;1;Peres_Eva;1
851;14;9;10;2023;30;12;1;0;Batyko_Judit;1
852;8;9;10;2023;31;11;1;1;Sziegl_Andrea;1
853;25;9;10;2023;31;10;1;0;Ivicz_Katalin;1
854;26;9;10;2023;31;8;3;0;Gaspar_Erika;1
855;5;10;10;2023;1;4;2;1;Schmeisl_Gabriella;0
856;9;10;10;2023;2;3;1;1;Csillag_Hajnalka;0
857;19;10;10;2023;2;5;1;0;Fehervari_Eszter;0
858;4;10;10;2023;2;11;2;1;Kelepecz_Mariann;0
859;10;10;10;2023;2;6;1;0;Blasko_Eva;0
860;13;10;10;2023;2;3;1;1;Kamaras_Gyongyi;0
861;20;10;10;2023;2;3;3;0;Jakab_Aranka;0
862;7;10;10;2023;3;6;1;0;Hanzli_Franciska;0
863;9;10;10;2023;3;7;3;0;Sokorai_Anita;0
864;13;10;10;2023;3;4;1;1;Meiszter_Zsombor;0
865;20;10;10;2023;3;5;2;0;Mathe_Ildiko;0
866;5;10;10;2023;4;8;2;1;Drotter_Laszlo;0
867;16;10;10;2023;4;12;2;1;Samu_Hajnalka;0
868;1;10;10;2023;4;6;1;0;Hegedus_Ilona;0
869;6;10;10;2023;5;15;1;0;Bodnar_Andrea;0
870;17;10;10;2023;5;16;2;0;Polgar_Judit;0
871;19;10;10;2023;5;16;2;0;Schweiszgut_Edit;0
872;13;10;10;2023;5;12;1;0;Kakonyi_Tibor;0
873;20;10;10;2023;5;18;3;0;Maron_Attila;0
874;7;10;10;2023;6;17;1;1;Kishazi_Emese;0
875;18;10;10;2023;6;10;2;0;Karman_Katalin;0
876;1;10;10;2023;6;18;2;0;Khan_Katalin;0
877;3;10;10;2023;6;14;2;0;Rozsa_Monika;0
878;9;10;10;2023;7;17;1;1;Halasz_Marta;0
879;15;10;10;2023;7;14;2;1;Loderer_Marta;0
880;10;10;10;2023;7;8;1;0;Csiszar_Edina;0
881;11;10;10;2023;7;18;3;1;Scheili_Zsofia;0
882;5;10;10;2023;8;14;2;1;Sebestyen_Katalin;0
883;26;10;10;2023;8;16;1;1;Gigor_Eva;0
884;2;10;10;2023;8;17;2;0;Lehoczki_Erika;0
885;10;10;10;2023;9;17;1;0;Hruda_Klara;0
886;12;10;10;2023;9;13;2;0;Szentkereszti_Judit;0
887;8;10;10;2023;11;19;2;1;Gilbert_Judit;0
888;16;10;10;2023;12;18;3;1;Csongor_Krisztina;0
889;18;10;10;2023;12;23;1;0;Soos_Beata;0
890;25;10;10;2023;12;13;1;1;Gal_Lajos;0
891;4;10;10;2023;12;17;1;1;Csatlos_Robert;0
892;13;10;10;2023;12;18;2;1;Redei_Aniko;0
893;25;10;10;2023;13;25;2;1;Marosi_Istvan;0
894;27;10;10;2023;13;17;2;1;Kereszty_Jozsef;0
895;12;10;10;2023;13;20;2;1;Kontra_Anna;0
896;14;10;10;2023;13;17;1;0;Mersits_Erzsebet;0
897;5;10;10;2023;14;23;1;1;Kontra_Zita;0
898;15;10;10;2023;14;23;2;0;Szolnok_Istvan;0
899;3;10;10;2023;14;18;1;0;Ferencz_Csaba;0
900;21;10;10;2023;14;25;2;1;Soltesz_Antal;0
901;6;10;10;2023;15;29;2;1;Herbay_Jozsef;0
902;17;10;10;2023;16;19;2;1;Juhasz_Judit;0
903;19;10;10;2023;16;19;1;0;Hercz_Peter;0
904;26;10;10;2023;16;24;2;1;Francia_Gabriella;0
905;7;10;10;2023;17;28;1;0;Bankuti_Nikole;0
906;9;10;11;2023;18;1;1;0;Punyi_Klara;1
907;16;10;10;2023;18;25;2;1;Csipkes_Janos;0
908;27;10;10;2023;18;27;1;1;Csaszar_Robert;0
909;8;10;11;2023;19;1;2;0;Csillag_Margit;1
910;17;10;10;2023;19;21;2;0;Magasdi_Karmen;0
911;19;10;10;2023;19;27;2;1;Enyedi_Eva;0
912;1;10;10;2023;19;24;2;1;Goci_Diana;0
913;2;10;11;2023;20;0;2;0;Monus_Edit;1
914;3;10;11;2023;20;2;3;0;Garics_Szilvia;1
915;4;10;11;2023;20;3;2;0;Cziraki_Zsuzsanna;1
916;10;10;10;2023;20;24;3;0;Legutko_Peter;0
917;17;10;10;2023;21;28;1;0;Lampert_Tamas;0
918;11;10;10;2023;21;24;3;1;Markovszky_Bela;0
919;12;10;11;2023;21;0;2;1;Sasfalvi_Bernadett;1
920;13;10;10;2023;22;29;3;0;Kispal_Henrietta;0
921;14;10;10;2023;22;24;2;0;Heszler_Maria;0
922;20;10;11;2023;22;0;1;0;Lovasz_Zoltan;1
923;5;10;11;2023;23;4;2;1;Pesthy_Tunde;1
924;15;10;11;2023;24;4;1;0;Csige_Gyongyi;1
925;18;10;11;2023;24;6;3;1;David_Gabor;1
926;26;10;11;2023;24;1;1;0;Radnoti_Judit;1
927;1;10;11;2023;24;4;2;1;Pap_Vanda;1
928;10;10;11;2023;24;4;2;0;Hancsak_Zsuzsanna;1
929;16;10;10;2023;25;26;2;0;Gelencser_Julia;0
930;25;10;11;2023;25;6;1;1;Kalinka_Iren;1
931;16;10;11;2023;27;1;2;1;Kasa_Szilvia;1
932;19;10;10;2023;27;29;2;0;Meszaros_Gabor;0
933;7;10;10;2023;28;30;2;1;Szarvas_Judit;0
934;17;10;11;2023;28;10;3;0;Kurthy_Marianna;1
935;27;10;10;2023;28;29;2;1;Pfeil_Viktoria;0
936;11;10;10;2023;28;29;1;1;Balogh_Brigitta;0
937;6;10;11;2023;29;10;1;1;Kanzler_Gergely;1
938;19;10;11;2023;29;11;2;1;Dudas_Tunde;1
939;27;10;11;2023;29;11;1;1;Hota_Endre;1
940;11;10;11;2023;29;1;2;0;Somogyvari_Andrea;1
941;7;10;11;2023;30;5;3;0;Balatoni_Julianna;1
942;2;11;11;2023;0;8;1;1;File_Gabor;0
943;12;11;11;2023;0;9;1;1;Bohak_Tunde;0
944;13;11;11;2023;0;5;3;1;Panik_Judit;0
945;14;11;11;2023;0;7;2;0;Szilagyi_Anett;0
946;8;11;11;2023;1;14;2;1;Dobrotka_Viktoria;0
947;9;11;11;2023;1;3;2;1;Balint_Istvan;0
948;16;11;11;2023;1;6;1;1;Karakai_Marianna;0
949;26;11;11;2023;1;12;1;0;Boross_Katalin;0
950;3;11;11;2023;2;4;1;0;Nagy_Maria;0
951;11;11;11;2023;2;3;1;1;Bakos_Eniko;0
952;20;11;11;2023;2;8;2;1;Szabo_Robert;0
953;21;11;11;2023;2;15;3;1;Okolenszki_Amalia;0
954;5;11;11;2023;4;11;2;1;Babos_Anna;0
955;9;11;11;2023;4;8;1;1;Szalkai_Viktoria;0
956;7;11;11;2023;5;7;2;1;Kalman_Istvan;0
957;15;11;11;2023;5;6;2;1;Racz_Katalin;0
958;1;11;11;2023;5;15;2;1;Kozma_Magdolna;0
959;7;11;11;2023;7;8;2;1;Szoke_Melinda;0
960;15;11;11;2023;7;9;3;1;Orosz_Marietta;0
961;7;11;11;2023;8;11;3;1;Linczmaier_Viktoria;0
962;9;11;11;2023;8;15;1;0;Feher_Noemi;0
963;16;11;11;2023;8;21;1;0;Krizsan_Ildiko;0
964;15;11;11;2023;9;23;2;1;Lorincz_Katalin;0
965;18;11;11;2023;9;14;2;1;Mate_Endre;0
966;6;11;11;2023;10;14;2;1;Kakuk_Szilvia;0
967;17;11;11;2023;10;14;1;0;Cseh_Ildiko;0
968;25;11;11;2023;10;20;1;1;Czovek_Maria;0
969;2;11;11;2023;10;14;2;1;Bukkos_Erika;0
970;3;11;11;2023;10;24;1;1;Major_Adrienn;0
971;5;11;11;2023;11;23;2;1;Szollar_Csaba;0
972;7;11;11;2023;12;13;1;1;Mandula_Csilla;0
973;19;11;11;2023;12;25;2;0;Kuji_Eva;0
974;26;11;11;2023;12;13;2;1;Kotroczo_Judit;0
975;27;11;11;2023;12;17;2;1;Fabry_Julianna;0
976;4;11;11;2023;12;26;2;0;Szabo_Ferenc;0
977;10;11;11;2024;12;16;2;0;Domsodi_Zsuzsa;0
978;7;11;11;2024;13;14;2;1;Csendom_Jozsef;0
979;26;11;11;2024;13;23;1;0;Palfi_Judit;0
980;6;11;11;2024;14;26;2;1;Pereszlenyi_Anita;0
981;7;11;11;2024;14;28;1;1;Csabai_Klara;0
982;8;11;11;2024;14;26;2;0;Molnar_Laszlo;0
983;9;11;11;2024;15;18;2;1;Illes_Nicoletta;0
984;17;11;11;2024;15;27;2;0;Kovacs_Ibolya;0
